Summary of Forecast: 
   Point Forecast     Lo 80    Hi 80     Lo 95    Hi 95
20    0.174031285 -1.085620 1.433682 -1.752439 2.100501
21   -0.220789990 -1.530972 1.089392 -2.224540 1.782960
22    0.097751396 -1.259267 1.454770 -1.977630 2.173133
23   -0.071846540 -1.439815 1.296122 -2.163973 2.020280
24    0.039981710 -1.333210 1.413174 -2.060134 2.140097
25   -0.025717362 -1.400620 1.349185 -2.128449 2.077014
26    0.015303510 -1.360284 1.390891 -2.088475 2.119082
27   -0.009489311 -1.385323 1.366344 -2.113645 2.094667
28    0.005756247 -1.370171 1.381684 -2.098543 2.110056
29   -0.003532731 -1.379495 1.372430 -2.107885 2.100820
